0.717300961144
1.51893509315
1.38694526954
0.38094531873
0.700993037446
0.0930162728392
1.33814737128
1.17681967785
1.44318966552
0.760305924854
1.59904492555
1.79480381021
1.94860354659
0.517288524231
1.10440325611
0.434123182734
1.72145175796
1.36748544133
0.125316553293
0.175918061887
1.95649569872
0.427092096315
1.69376674945
0.181407118151
0.741320158313
1.75947579953
1.80435783992
1.82667359207
0.619926686778
1.6639496824
1.73551139944
0.724558042038
0.798472727024
0.951688316578
1.04947114824
0.319825562764
1.50239935855
1.59074553773
0.643662058814
0.881339816149
0.625715769743
1.05817134605
1.38780146119
0.861938476453
0.96365993106
1.50162707404
0.893929265143
1.92827047757
0.481276476262
0.207458570878
1.39569621672
0.512647750063
1.1255661446
1.79784555514
1.36412823981
1.77695543963
1.88514860547
1.13004217535
0.903238165339
0.881798813745
0.100962122376
1.04937433471
0.500071044051
1.57024236966
0.422012949589
0.127310044219
1.07798171817
0.899321586748
0.981736649626
1.42500713258
1.1203904131
1.28064720808
0.703300668978
0.567002391892
0.566180708734
1.78284290634
1.93773426305
0.192710847994
1.94642761424
1.8073750284
0.884725163694
1.59567127169
0.857269808335
0.728599716502
0.368522655734
0.630075117087
0.821070335658
0.952642783323
0.134371148272
0.87726964404
1.52597416037
0.292942199697
1.62865564256
1.32075085158
1.17633955765
0.28165203467
0.399458022735
0.0625889656093
0.895565517056
1.06541723705
0.0426185340625
0.930355482266
1.9375087545
0.0696245571193
1.490499278
1.66794888056
1.2586587773
0.750012505372
1.92799244693
1.73960467207
0.920815460845
1.63141297046
0.0767429762278
1.11282355133
0.946811209356
1.30305290558
0.89141940305
0.246952120854
1.82085606031
0.771931556927
1.29605679446
1.65215661071
1.42158005311
0.00179284265821
0.35589303656
0.580708219126
0.275100115967
0.479927646046
1.87123290822
0.757226976476
1.84558447803
1.74120388445
1.34387046034
1.23828762366
1.88700547099
1.20025139901
1.94147765893
1.62893162095
1.07036302472
0.899337392927
1.65804905904
0.676253862985
0.195630954447
1.94201230024
0.794089749935
0.0608182546186
0.73429904096
0.811384860454
0.132959663245
1.1617148908
1.98612400536
0.519188002842
0.842252135545
0.711579368259
1.07039859764
1.3432347903
0.204199933531
0.822494815174
0.741652460328
0.725653896575
0.678968116595
1.67531255225
1.95164180924
1.01594605388
0.754146971023
0.829827250494
1.10118992368
0.910830610274
1.69718040373
1.77066870984
1.22144994908
0.384639882074
0.488935309444
1.3585387877
1.45586568581
0.87114315528
1.67921158912
0.142525645627
1.21379664757
