126.316 	 149.619	0.00023494075	469.8815	1.34000		0.050000	0.000000	0.000000	0.000000	1
-120.656	 136.095	0.00059086185	1181.7237	1.53200		0.050000	0.000000	0.000000	0.000000	1
-58.5911	 136.053	0.00004753750	95.075		2.24800		0.050000	0.000000	0.000000	0.000000	1
-66.2500	 136.169	0.00001550435	31.0087		2.62800		0.050000	0.000000	0.000000	0.000000	1
7.40633 	 133.889	0.00001458130	29.1626		1.36800		0.050000	0.000000	0.000000	0.000000	1
-76.7419	 125.053	0.00013373455	267.4691	1.04800		0.050000	0.000000	0.000000	0.000000	1
-93.1977	 120.062	0.00001302155	26.0431		1.84000		0.050000	0.000000	0.000000	0.000000	1
-118.881	 94.5743	0.00020317435	406.3487	1.03600		0.050000	0.000000	0.000000	0.000000	1
-110.587	 86.5203	0.00004144590	82.8918		1.23200		0.050000	0.000000	0.000000	0.000000	1
-102.837	 126.297	0.00004585155	91.7031		1.47600		0.050000	0.000000	0.000000	0.000000	1
-130.468	 78.5900	0.00015176770	303.5354	1.22800		0.050000	0.000000	0.000000	0.000000	1
-85.6266	 65.2066	0.00018899625	377.9925	1.10400		0.050000	0.000000	0.000000	0.000000	1
142.434 	 63.0123	0.00016498665	329.9733	1.21600		0.050000	0.000000	0.000000	0.000000	1
-129.276	 17.0768	0.00003137475	62.7495		1.52400		0.050000	0.000000	0.000000	0.000000	1
-113.125	-5.43232	0.00015883150	317.663		0.79600		0.050000	0.000000	0.000000	0.000000	1
146.667 	-7.43202	0.00004085710	81.7142		4.70400		0.050000	0.000000	0.000000	0.000000	1
-130.541	-40.7751	0.00003068660	61.3732		1.47600		0.050000	0.000000	0.000000	0.000000	1
-127.223	-52.3331	0.00002574040	51.4808		1.54800		0.050000	0.000000	0.000000	0.000000	1
-127.667	 48.3692	0.00015363935	307.2787	1.72800		0.050000	0.000000	0.000000	0.000000	1
124.188 	-61.6677	0.00002385080	47.7016		2.14400		0.050000	0.000000	0.000000	0.000000	1
138.062 	-68.2580	0.00002675920	53.5184		1.89600		0.050000	0.000000	0.000000	0.000000	1
-114.269	-79.6920	0.00058424345	1168.4869	1.63200		0.050000	0.000000	0.000000	0.000000	1
-81.4368	-77.0851	0.00005219275	104.3855	2.12000		0.050000	0.000000	0.000000	0.000000	1
85.9847 	-80.1865	0.00001524955	30.4991		1.58400		0.050000	0.000000	0.000000	0.000000	1
-166.976	-83.1148	0.00004354135	87.0827		1.81800		0.050000	0.000000	0.000000	0.000000	1
130.830 	-109.117	0.00009898310	197.9662	1.37200		0.050000	0.000000	0.000000	0.000000	1
-98.5055	-123.696	0.00017695130	353.9026	1.19200		0.050000	0.000000	0.000000	0.000000	1
-122.404	-122.488	0.00002169725	43.3945		2.03200		0.050000	0.000000	0.000000	0.000000	1
63.3757 	-123.570	0.00001630295	32.6059		0.70800		0.050000	0.000000	0.000000	0.000000	1
-14.8851	-130.980	0.00006744265	134.8853	1.33200		0.050000	0.000000	0.000000	0.000000	1
53.1034 	-130.354	0.00002069615	41.3923		2.02000		0.050000	0.000000	0.000000	0.000000	1
27.6009 	-133.124	0.00003354590	67.0918		1.17600		0.050000	0.000000	0.000000	0.000000	1
-67.3112	-138.159	0.00005157830	103.1566	1.74800		0.050000	0.000000	0.000000	0.000000	1
66.9065 	-141.889	0.00001987040	39.7408		3.86000		0.050000	0.000000	0.000000	0.000000	1
-91.8777	-148.508	0.00014012360	280.2472	1.98600		0.050000	0.000000	0.000000	0.000000	1
13.2846 	-156.824	0.00003267295	65.3459		1.26400		0.050000	0.000000	0.000000	0.000000	1
14.6492 	-173.025	0.00001483090	29.6618		2.31200		0.050000	0.000000	0.000000	0.000000	1
37.3323 	-51.3089	0.00063488835	1269.7767	1.81200		0.050000	0.000000	0.000000	0.000000	1
37.6737 	-193.684	0.00010466360	209.3272	1.81500		0.050000	0.000000	0.000000	0.000000	1
-133.726	 117.364	0.00016742675	334.8535	1.02400		0.050000	0.000000	0.000000	0.000000	1
125.838 	 150.952	0.00017586100	369.3081	1.90000		0.050000	0.000000	0.000000	0.000000	2
-61.4957	 111.611	0.00036338495	763.1084	1.11600		0.050000	0.000000	0.000000	0.000000	2
-63.8363	 105.713	0.00002948533	61.9192		1.36800		0.050000	0.000000	0.000000	0.000000	2
-7.52077	 113.097	0.00003622367	76.0697		1.30800		0.050000	0.000000	0.000000	0.000000	2
-13.5111	 104.837	0.00045345200	952.2492	2.11200		0.050000	0.000000	0.000000	0.000000	2
11.1602 	 95.5980	0.00019216624	403.5491	1.67600		0.050000	0.000000	0.000000	0.000000	2
-57.8228	 94.9841	0.00001476814	31.0131		1.12000		0.050000	0.000000	0.000000	0.000000	2
-6.15231	 90.6140	0.00002982443	62.6313		2.04900		0.050000	0.000000	0.000000	0.000000	2
63.6168 	 81.1214	0.00001150990	24.1708		1.97200		0.050000	0.000000	0.000000	0.000000	2
-21.1154	 71.9646	0.00011364638	238.6574	1.10400		0.050000	0.000000	0.000000	0.000000	2
25.9528 	 52.9208	0.00004552005	95.5921		1.39200		0.050000	0.000000	0.000000	0.000000	2
31.7288 	 58.4709	0.00008393781	176.2694	1.83600		0.050000	0.000000	0.000000	0.000000	2
105.224 	 25.7577	0.00002581100	54.2031		1.56000		0.050000	0.000000	0.000000	0.000000	2
101.832 	 31.4177	0.00001410171	29.6136		1.66000		0.050000	0.000000	0.000000	0.000000	2
129.266 	 8.11354	0.00023024638	483.5174	1.69200		0.050000	0.000000	0.000000	0.000000	2
56.9155 	 54.0545	0.00003348686	70.3224		1.60000		0.050000	0.000000	0.000000	0.000000	2
22.9114 	 24.1568	0.00073483005	1543.1431	29.57400	0.050000	0.000000	0.000000	0.000000	2
-41.5465	 57.9606	0.00002184182	48.052		1.00400		0.050000	0.000000	0.000000	0.000000	3
-35.4351	 52.9920	0.00004630345	101.8676	1.12400		0.050000	0.000000	0.000000	0.000000	3
-103.238	 31.5055	0.00002071700	45.5774		1.64400		0.050000	0.000000	0.000000	0.000000	3
-91.3892	 29.9151	0.00001980564	43.5724		1.57200		0.050000	0.000000	0.000000	0.000000	3
-61.5308	 38.2332	0.00018103532	398.2777	1.29200		0.050000	0.000000	0.000000	0.000000	3
-30.1371	 10.2295	0.00053777455	1183.104	1.25200		0.050000	0.000000	0.000000	0.000000	3
3.80863 	 34.4443	0.00006308636	138.79		16.50000	0.050000	0.000000	0.000000	0.000000	3
-74.4811	-13.1080	0.00001697159	37.3375		1.51600		0.050000	0.000000	0.000000	0.000000	3
-50.9809	-20.6717	0.00005088018	111.9364	1.03200		0.050000	0.000000	0.000000	0.000000	3
-104.055	 48.7274	0.00016217250	356.7795	1.76800		0.050000	0.000000	0.000000	0.000000	3
-73.6383	-34.0094	0.00001463850	32.2047		1.44400		0.050000	0.000000	0.000000	0.000000	3
-30.1209	 42.2609	0.00033489841	736.7765	1.14000		0.050000	0.000000	0.000000	0.000000	3
-15.4883	 41.8018	0.00003771673	82.9768		1.50400		0.050000	0.000000	0.000000	0.000000	3
-82.1163	 15.5491	0.00001344309	29.5748		1.54000		0.050000	0.000000	0.000000	0.000000	3
-74.9414	 41.9186	0.00057446923	1263.8323	1.14000		0.050000	0.000000	0.000000	0.000000	3
-36.4215	 11.8442	0.00023831505	524.2931	1.16000		0.050000	0.000000	0.000000	0.000000	3
-5.38724	 33.9725	0.00017818668	392.0107	1.31600		0.050000	0.000000	0.000000	0.000000	3
2.65693 	-3.80799	0.00016896558	321.0346	1.83200		0.050000	0.000000	0.000000	0.000000	4
1.51998 	 3.97337	0.00034303326	651.7632	1.39200		0.050000	0.000000	0.000000	0.000000	4
-2.16110	 7.28309	0.00061208826	1162.9677	1.59200		0.050000	0.000000	0.000000	0.000000	4
-0.35877	0.470928	0.00539455789	10249.66	10.69200	0.050000	0.000000	0.000000	0.000000	4
50.1663 	-27.3286	0.00006973942	167.3746	1.12400		0.050000	0.000000	0.000000	0.000000	5
31.8089 	-12.4420	0.00013662088	327.8901	1.44800		0.050000	0.000000	0.000000	0.000000	5
-22.7463	-37.8255	0.00009578971	229.8953	1.38400		0.050000	0.000000	0.000000	0.000000	5
-49.6348	-29.0363	0.00008296667	199.12		1.00800		0.050000	0.000000	0.000000	0.000000	5
100.662 	-33.1728	0.00006286133	150.8672	1.02800		0.050000	0.000000	0.000000	0.000000	5
80.9448 	-39.3563	0.00013259600	318.2304	1.13200		0.050000	0.000000	0.000000	0.000000	5
90.7137 	-47.9185	0.00003270813	78.4995		0.86000		0.050000	0.000000	0.000000	0.000000	5
38.3960 	-56.2708	0.00006953938	166.8945	1.12800		0.050000	0.000000	0.000000	0.000000	5
-37.3905	-51.0578	0.00003531621	84.7589		1.83200		0.050000	0.000000	0.000000	0.000000	5
-59.2049	-59.5261	0.00005497125	131.931		1.38800		0.050000	0.000000	0.000000	0.000000	5
-59.9260	-60.1557	0.00001913063	45.9135		1.26400		0.050000	0.000000	0.000000	0.000000	5
-33.9920	-59.5400	0.00001385488	33.2517		1.52000		0.050000	0.000000	0.000000	0.000000	5
7.16647 	-65.1205	0.00001361008	32.6642		1.50000		0.050000	0.000000	0.000000	0.000000	5
70.3294 	-73.1708	0.00002234442	53.6266		1.76400		0.050000	0.000000	0.000000	0.000000	5
-38.4242	-88.2659	0.00013961658	335.0798	1.19200		0.050000	0.000000	0.000000	0.000000	5
-35.0311	-80.6209	0.00015811413	379.4739	1.74800		0.050000	0.000000	0.000000	0.000000	5
6.88045 	-80.2318	0.00006072200	145.7328	1.11600		0.050000	0.000000	0.000000	0.000000	5
69.3552 	-81.9871	0.00012921508	310.1162	1.38800		0.050000	0.000000	0.000000	0.000000	5
-21.1085	-83.7768	0.00008976054	215.4253	1.17600		0.050000	0.000000	0.000000	0.000000	5
-7.95692	-104.491	0.00009418996	226.0559	1.16800		0.050000	0.000000	0.000000	0.000000	5
-0.17570	-110.023	0.00001779117	42.6988		2.17200		0.050000	0.000000	0.000000	0.000000	5
-33.7251	-114.928	0.00002456363	58.9527		1.20000		0.050000	0.000000	0.000000	0.000000	5
16.3205 	-150.675	0.00001133279	27.1987		1.73600		0.050000	0.000000	0.000000	0.000000	5
-7.17278	-44.8811	0.00024296354	583.1125	1.60400		0.050000	0.000000	0.000000	0.000000	5
-15.4343	-30.8557	0.00029961333	719.072		1.94100		0.050000	0.000000	0.000000	0.000000	5
37.8638 	-27.1463	0.00024833525	596.0046	1.10400		0.050000	0.000000	0.000000	0.000000	5
25.0002 	-15.6941	0.00058649683	1407.5924	1.66000		0.050000	0.000000	0.000000	0.000000	5
40.8323 	-22.7877	0.00020337838	488.1081	6.27500		0.050000	0.000000	0.000000	0.000000	5
0.662785	-18.4625	0.00003478367	83.4808		1.06000		0.050000	0.000000	0.000000	0.000000	5
-14.3401	-19.2957	0.00000776521	18.6365		3.22000		0.050000	0.000000	0.000000	0.000000	5
